0.000000000000000000e+00 1.000000000000000000e+03 4.007333276209896211e-01
0.000000000000000000e+00 1.002000000000000000e+03 7.888967715518914181e-01
0.000000000000000000e+00 1.004000000000000000e+03 1.044375083895970002e+00
0.000000000000000000e+00 1.006000000000000000e+03 9.208578767287117772e-01
0.000000000000000000e+00 1.008000000000000000e+03 9.253508279695678018e-01
0.000000000000000000e+00 1.010000000000000000e+03 7.400358806559780289e-01
0.000000000000000000e+00 1.012000000000000000e+03 7.679193893367481927e-01
0.000000000000000000e+00 1.014000000000000000e+03 5.023041534333534397e-01
0.000000000000000000e+00 1.016000000000000000e+03 1.340818147892574620e-02
0.000000000000000000e+00 1.018000000000000000e+03 1.209837005697555062e-01
0.000000000000000000e+00 1.020000000000000000e+03 2.101225757118529436e-01
0.000000000000000000e+00 1.022000000000000000e+03 -2.800968397237849628e-01
0.000000000000000000e+00 1.024000000000000000e+03 -1.409970039822554533e-01
0.000000000000000000e+00 1.026000000000000000e+03 2.841768904219995617e-01
0.000000000000000000e+00 1.028000000000000000e+03 2.237192083353843619e-01
0.000000000000000000e+00 1.030000000000000000e+03 4.243795649634665157e-01
0.000000000000000000e+00 1.032000000000000000e+03 6.643479836658440218e-01
0.000000000000000000e+00 1.034000000000000000e+03 1.176808781528069003e+00
0.000000000000000000e+00 1.036000000000000000e+03 1.134896291969760496e+00
0.000000000000000000e+00 1.038000000000000000e+03 1.520186890670560009e+00
0.000000000000000000e+00 1.040000000000000000e+03 1.123844458954050163e+00
0.000000000000000000e+00 1.042000000000000000e+03 9.472693337538572456e-01
0.000000000000000000e+00 1.044000000000000000e+03 1.216792133915416407e+00
0.000000000000000000e+00 1.046000000000000000e+03 9.285993472803301119e-01
0.000000000000000000e+00 1.048000000000000000e+03 1.055676504802122828e+00
0.000000000000000000e+00 1.050000000000000000e+03 8.579408678103646047e-01
0.000000000000000000e+00 1.052000000000000000e+03 1.023737192901630566e+00
0.000000000000000000e+00 1.054000000000000000e+03 9.775844783021815365e-01
0.000000000000000000e+00 1.056000000000000000e+03 7.353398623444945548e-01
0.000000000000000000e+00 1.058000000000000000e+03 9.421182605977395097e-01
0.000000000000000000e+00 1.060000000000000000e+03 6.752225945108220051e-01
0.000000000000000000e+00 1.062000000000000000e+03 4.093948766089801072e-01
0.000000000000000000e+00 1.064000000000000000e+03 -9.810794642065198690e-02
0.000000000000000000e+00 1.066000000000000000e+03 -4.427615013731134308e-01
0.000000000000000000e+00 1.068000000000000000e+03 -7.218607599790544116e-01
0.000000000000000000e+00 1.070000000000000000e+03 -6.925386134061001231e-01
0.000000000000000000e+00 1.072000000000000000e+03 -9.451363270501083047e-01
0.000000000000000000e+00 1.074000000000000000e+03 -5.512881127801935177e-01
0.000000000000000000e+00 1.076000000000000000e+03 -4.306612884536818453e-01
0.000000000000000000e+00 1.078000000000000000e+03 -3.254745765391463541e-01
0.000000000000000000e+00 1.080000000000000000e+03 -2.011617156678830454e-01
0.000000000000000000e+00 1.082000000000000000e+03 1.674445232972756881e-01
0.000000000000000000e+00 1.084000000000000000e+03 -3.102344739373743068e-02
0.000000000000000000e+00 1.086000000000000000e+03 3.195293905668910583e-01
0.000000000000000000e+00 1.088000000000000000e+03 3.519217266413113832e-01
0.000000000000000000e+00 1.090000000000000000e+03 4.246012772833071547e-01
0.000000000000000000e+00 1.092000000000000000e+03 5.351201612596743207e-01
0.000000000000000000e+00 1.094000000000000000e+03 5.151533146305461441e-01
0.000000000000000000e+00 1.096000000000000000e+03 5.684971880202112082e-01
0.000000000000000000e+00 1.098000000000000000e+03 1.061981737345118137e+00
0.000000000000000000e+00 1.100000000000000000e+03 6.725452474878078624e-01
0.000000000000000000e+00 1.102000000000000000e+03 5.696269793586142827e-01
0.000000000000000000e+00 1.104000000000000000e+03 3.879367792557329442e-01
0.000000000000000000e+00 1.106000000000000000e+03 2.056940521143144907e-01
0.000000000000000000e+00 1.108000000000000000e+03 -9.274217598895274917e-02
0.000000000000000000e+00 1.110000000000000000e+03 2.405817132738959085e-01
0.000000000000000000e+00 1.112000000000000000e+03 2.251283091991135576e-01
0.000000000000000000e+00 1.114000000000000000e+03 7.461616757511095877e-01
0.000000000000000000e+00 1.116000000000000000e+03 7.827499313239851819e-01
0.000000000000000000e+00 1.118000000000000000e+03 8.836153759755583925e-01
0.000000000000000000e+00 1.120000000000000000e+03 6.825263632220243126e-01
0.000000000000000000e+00 1.122000000000000000e+03 1.394809589136350558e+00
0.000000000000000000e+00 1.124000000000000000e+03 1.156848949943199978e+00
0.000000000000000000e+00 1.126000000000000000e+03 1.452277570124040018e+00
0.000000000000000000e+00 1.128000000000000000e+03 1.217927648053080514e+00
0.000000000000000000e+00 1.130000000000000000e+03 1.111402908749536511e+00
0.000000000000000000e+00 1.132000000000000000e+03 6.154821083963790684e-01
0.000000000000000000e+00 1.134000000000000000e+03 9.351539831073421016e-01
0.000000000000000000e+00 1.136000000000000000e+03 9.614397231551266021e-01
0.000000000000000000e+00 1.138000000000000000e+03 5.639501470959976670e-01
0.000000000000000000e+00 1.140000000000000000e+03 5.592264378203370967e-01
0.000000000000000000e+00 1.142000000000000000e+03 4.640801003033561134e-01
0.000000000000000000e+00 1.144000000000000000e+03 5.069527278928813718e-01
0.000000000000000000e+00 1.146000000000000000e+03 2.687681611027561424e-01
0.000000000000000000e+00 1.148000000000000000e+03 5.484926816798038063e-01
0.000000000000000000e+00 1.150000000000000000e+03 1.797579566408664675e-01
0.000000000000000000e+00 1.152000000000000000e+03 6.317087477485436309e-02
0.000000000000000000e+00 1.154000000000000000e+03 8.341481565217567784e-02
0.000000000000000000e+00 1.156000000000000000e+03 1.242700641982265181e-01
0.000000000000000000e+00 1.158000000000000000e+03 -6.666762569462127141e-02
0.000000000000000000e+00 1.160000000000000000e+03 -2.245583651199160036e-01
0.000000000000000000e+00 1.162000000000000000e+03 -2.157842062109405767e-01
0.000000000000000000e+00 1.164000000000000000e+03 -1.062926570055226644e-01
0.000000000000000000e+00 1.166000000000000000e+03 -3.492793908031414096e-01
0.000000000000000000e+00 1.168000000000000000e+03 -2.845872064746509666e-01
0.000000000000000000e+00 1.170000000000000000e+03 -2.168013876283592101e-01
0.000000000000000000e+00 1.172000000000000000e+03 2.726252467572632537e-02
0.000000000000000000e+00 1.174000000000000000e+03 8.604508803608983125e-02
0.000000000000000000e+00 1.176000000000000000e+03 4.475361450104475142e-02
0.000000000000000000e+00 1.178000000000000000e+03 1.447850073116214442e-01
0.000000000000000000e+00 1.180000000000000000e+03 -2.157092560012369709e-01
0.000000000000000000e+00 1.182000000000000000e+03 2.205292092622478939e-01
0.000000000000000000e+00 1.184000000000000000e+03 -1.176599824064162858e-01
0.000000000000000000e+00 1.186000000000000000e+03 9.111954952465271818e-02
0.000000000000000000e+00 1.188000000000000000e+03 -8.196651418929813693e-02
0.000000000000000000e+00 1.190000000000000000e+03 6.080216088279383202e-01
0.000000000000000000e+00 1.192000000000000000e+03 7.807783346746163256e-01
0.000000000000000000e+00 1.194000000000000000e+03 1.026307098983640032e+00
0.000000000000000000e+00 1.196000000000000000e+03 1.040991248073597664e+00
0.000000000000000000e+00 1.198000000000000000e+03 1.316388963194847550e+00
0.000000000000000000e+00 1.200000000000000000e+03 1.287148966482284829e+00
0.000000000000000000e+00 1.202000000000000000e+03 8.935566167213606636e-01
0.000000000000000000e+00 1.204000000000000000e+03 1.145841976289456943e+00
0.000000000000000000e+00 1.206000000000000000e+03 8.129598502084396383e-01
0.000000000000000000e+00 1.208000000000000000e+03 1.113517759986911715e+00
0.000000000000000000e+00 1.210000000000000000e+03 8.956306699381826331e-01
0.000000000000000000e+00 1.212000000000000000e+03 6.723560258992681282e-01
0.000000000000000000e+00 1.214000000000000000e+03 7.054893721750519209e-01
0.000000000000000000e+00 1.216000000000000000e+03 1.913433022330420230e-01
0.000000000000000000e+00 1.218000000000000000e+03 2.811836007520955236e-02
0.000000000000000000e+00 1.220000000000000000e+03 4.704438530839786803e-01
0.000000000000000000e+00 1.222000000000000000e+03 4.149552222156275283e-01
0.000000000000000000e+00 1.224000000000000000e+03 3.880947213091116843e-02
0.000000000000000000e+00 1.226000000000000000e+03 -1.665277037401595439e-01
0.000000000000000000e+00 1.228000000000000000e+03 -3.121349160631735065e-01
0.000000000000000000e+00 1.230000000000000000e+03 -5.413836087135327491e-01
0.000000000000000000e+00 1.232000000000000000e+03 -5.718329621348995362e-01
0.000000000000000000e+00 1.234000000000000000e+03 -6.997812773896848748e-01
0.000000000000000000e+00 1.236000000000000000e+03 -6.173183244976935269e-01
0.000000000000000000e+00 1.238000000000000000e+03 -6.723482083928540298e-01
0.000000000000000000e+00 1.240000000000000000e+03 -7.103235966645456978e-01
0.000000000000000000e+00 1.242000000000000000e+03 -4.635435699875985471e-01
0.000000000000000000e+00 1.244000000000000000e+03 2.463766936503316018e-01
0.000000000000000000e+00 1.246000000000000000e+03 7.129744243983955343e-01
0.000000000000000000e+00 1.248000000000000000e+03 1.178112102908644543e+00
0.000000000000000000e+00 1.250000000000000000e+03 1.098393878385831801e+00
0.000000000000000000e+00 1.252000000000000000e+03 9.799775314263171611e-01
0.000000000000000000e+00 1.254000000000000000e+03 1.019969191102916506e+00
0.000000000000000000e+00 1.256000000000000000e+03 7.182796439217628004e-01
0.000000000000000000e+00 1.258000000000000000e+03 3.423844047596314444e-01
0.000000000000000000e+00 1.260000000000000000e+03 2.802132058097717149e-01
0.000000000000000000e+00 1.262000000000000000e+03 6.435836372684315965e-01
0.000000000000000000e+00 1.264000000000000000e+03 4.489964629035448906e-01
0.000000000000000000e+00 1.266000000000000000e+03 3.487396656445717613e-01
0.000000000000000000e+00 1.268000000000000000e+03 3.485513670881720261e-01
0.000000000000000000e+00 1.270000000000000000e+03 2.309247664269729328e-01
0.000000000000000000e+00 1.272000000000000000e+03 1.735243513918740543e-01
0.000000000000000000e+00 1.274000000000000000e+03 2.260380496755272639e-01
0.000000000000000000e+00 1.276000000000000000e+03 -1.296376977066084069e-02
0.000000000000000000e+00 1.278000000000000000e+03 -8.830848341143428260e-02
0.000000000000000000e+00 1.280000000000000000e+03 -2.911387039923893916e-01
0.000000000000000000e+00 1.282000000000000000e+03 -1.232642643428893542e-01
0.000000000000000000e+00 1.284000000000000000e+03 2.256605295305869618e-01
0.000000000000000000e+00 1.286000000000000000e+03 4.669182395250226492e-01
0.000000000000000000e+00 1.288000000000000000e+03 1.002659384789740926e+00
0.000000000000000000e+00 1.290000000000000000e+03 1.172889217852097099e+00
0.000000000000000000e+00 1.292000000000000000e+03 7.843436386155585582e-01
0.000000000000000000e+00 1.294000000000000000e+03 4.061797710616573687e-01
0.000000000000000000e+00 1.296000000000000000e+03 8.984665938827148812e-01
0.000000000000000000e+00 1.298000000000000000e+03 7.893603182922059869e-01
0.000000000000000000e+00 1.300000000000000000e+03 6.538178484152212810e-01
0.000000000000000000e+00 1.302000000000000000e+03 6.232424088036377929e-01
0.000000000000000000e+00 1.304000000000000000e+03 4.600918630362248463e-01
0.000000000000000000e+00 1.306000000000000000e+03 3.269642298418613535e-01
0.000000000000000000e+00 1.308000000000000000e+03 1.531642930714398054e-01
0.000000000000000000e+00 1.310000000000000000e+03 -1.262864561731156521e-01
0.000000000000000000e+00 1.312000000000000000e+03 -5.128954104240009138e-02
0.000000000000000000e+00 1.314000000000000000e+03 -1.868693824666601763e-02
0.000000000000000000e+00 1.316000000000000000e+03 -2.345898784089335554e-01
0.000000000000000000e+00 1.318000000000000000e+03 2.373931100033298616e-02
0.000000000000000000e+00 1.320000000000000000e+03 4.209702534540523677e-01
0.000000000000000000e+00 1.322000000000000000e+03 4.081192461925811088e-01
0.000000000000000000e+00 1.324000000000000000e+03 5.057239875091550374e-01
0.000000000000000000e+00 1.326000000000000000e+03 5.173193018484343320e-01
0.000000000000000000e+00 1.328000000000000000e+03 6.920670080194045726e-01
0.000000000000000000e+00 1.330000000000000000e+03 6.304828575100880350e-01
0.000000000000000000e+00 1.332000000000000000e+03 5.656800939313199050e-01
0.000000000000000000e+00 1.334000000000000000e+03 8.653731225953457118e-01
0.000000000000000000e+00 1.336000000000000000e+03 8.774018928272013795e-01
0.000000000000000000e+00 1.338000000000000000e+03 7.013564034684913739e-01
0.000000000000000000e+00 1.340000000000000000e+03 8.731775439388587134e-01
0.000000000000000000e+00 1.342000000000000000e+03 6.411523706137326473e-01
0.000000000000000000e+00 1.344000000000000000e+03 3.041062619462757688e-01
0.000000000000000000e+00 1.346000000000000000e+03 2.559376451547754616e-01
0.000000000000000000e+00 1.348000000000000000e+03 -8.399312355416382880e-02
0.000000000000000000e+00 1.350000000000000000e+03 -2.433632988921970164e-01
0.000000000000000000e+00 1.352000000000000000e+03 -4.289564480925463497e-01
0.000000000000000000e+00 1.354000000000000000e+03 -5.647950266797927554e-01
0.000000000000000000e+00 1.356000000000000000e+03 -4.025647439551803264e-01
0.000000000000000000e+00 1.358000000000000000e+03 -3.079521036210950413e-01
0.000000000000000000e+00 1.360000000000000000e+03 -1.653408690155532268e-01
0.000000000000000000e+00 1.362000000000000000e+03 1.460822366800784422e-01
0.000000000000000000e+00 1.364000000000000000e+03 4.917714336927412888e-01
0.000000000000000000e+00 1.366000000000000000e+03 4.982208438558828889e-01
0.000000000000000000e+00 1.368000000000000000e+03 8.958051230124943753e-01
0.000000000000000000e+00 1.370000000000000000e+03 5.943836243645702622e-01
0.000000000000000000e+00 1.372000000000000000e+03 1.001656787280122085e+00
0.000000000000000000e+00 1.374000000000000000e+03 9.005352935131294423e-01
0.000000000000000000e+00 1.376000000000000000e+03 6.716818432247833037e-01
0.000000000000000000e+00 1.378000000000000000e+03 8.850111851764842497e-01
0.000000000000000000e+00 1.380000000000000000e+03 6.195923705123147496e-01
0.000000000000000000e+00 1.382000000000000000e+03 4.560609816842615682e-01
0.000000000000000000e+00 1.384000000000000000e+03 1.938317968803731361e-01
0.000000000000000000e+00 1.386000000000000000e+03 7.881618848574405145e-03
0.000000000000000000e+00 1.388000000000000000e+03 -1.997347079806527093e-01
0.000000000000000000e+00 1.390000000000000000e+03 2.513179728555686027e-02
0.000000000000000000e+00 1.392000000000000000e+03 -2.390728609026857854e-01
0.000000000000000000e+00 1.394000000000000000e+03 -3.048735032727982810e-02
0.000000000000000000e+00 1.396000000000000000e+03 -3.240486764904834116e-01
0.000000000000000000e+00 1.398000000000000000e+03 -4.124568793911759235e-01
0.000000000000000000e+00 1.400000000000000000e+03 -2.981651938489698339e-01
0.000000000000000000e+00 1.402000000000000000e+03 -1.653057937942634392e-01
0.000000000000000000e+00 1.404000000000000000e+03 3.848068808292235549e-02
0.000000000000000000e+00 1.406000000000000000e+03 4.673306502848253996e-01
0.000000000000000000e+00 1.408000000000000000e+03 4.740217102620141731e-01
0.000000000000000000e+00 1.410000000000000000e+03 8.982354666350546024e-01
0.000000000000000000e+00 1.412000000000000000e+03 1.267149259909000625e+00
0.000000000000000000e+00 1.414000000000000000e+03 9.205575220706107009e-01
0.000000000000000000e+00 1.416000000000000000e+03 4.377382399015082304e-01
0.000000000000000000e+00 1.418000000000000000e+03 2.290227664009013842e-01
0.000000000000000000e+00 1.420000000000000000e+03 4.549529739043446375e-01
0.000000000000000000e+00 1.422000000000000000e+03 2.058256764973672159e-01
0.000000000000000000e+00 1.424000000000000000e+03 1.087962723675321534e-02
0.000000000000000000e+00 1.426000000000000000e+03 1.364088913558095771e-03
0.000000000000000000e+00 1.428000000000000000e+03 -2.066136973013857070e-01
0.000000000000000000e+00 1.430000000000000000e+03 -3.662332759234356305e-01
0.000000000000000000e+00 1.432000000000000000e+03 -6.260389475425941486e-01
0.000000000000000000e+00 1.434000000000000000e+03 -6.213135768090836120e-01
0.000000000000000000e+00 1.436000000000000000e+03 -8.868186026750548567e-01
0.000000000000000000e+00 1.438000000000000000e+03 -8.781936057597772294e-01
0.000000000000000000e+00 1.440000000000000000e+03 -8.063392458502417481e-01
0.000000000000000000e+00 1.442000000000000000e+03 -6.948526549791189666e-01
0.000000000000000000e+00 1.444000000000000000e+03 -7.152171438538218462e-01
0.000000000000000000e+00 1.446000000000000000e+03 -6.635646345560589632e-01
0.000000000000000000e+00 1.448000000000000000e+03 -6.714368064585899409e-01
0.000000000000000000e+00 1.450000000000000000e+03 -4.139678830030751877e-01
0.000000000000000000e+00 1.452000000000000000e+03 1.490824603453910213e-01
0.000000000000000000e+00 1.454000000000000000e+03 8.859923683404720141e-01
0.000000000000000000e+00 1.456000000000000000e+03 1.094725564058152356e+00
0.000000000000000000e+00 1.458000000000000000e+03 9.603090087845852496e-01
0.000000000000000000e+00 1.460000000000000000e+03 7.042451248513861284e-01
0.000000000000000000e+00 1.462000000000000000e+03 6.522618008349276852e-01
0.000000000000000000e+00 1.464000000000000000e+03 9.231918557959376548e-01
0.000000000000000000e+00 1.466000000000000000e+03 5.112376276895576055e-01
0.000000000000000000e+00 1.468000000000000000e+03 2.715285810183006299e-01
0.000000000000000000e+00 1.470000000000000000e+03 -1.886520456914944355e-01
0.000000000000000000e+00 1.472000000000000000e+03 -5.008449601912329241e-01
0.000000000000000000e+00 1.474000000000000000e+03 -6.239078509395676875e-01
0.000000000000000000e+00 1.476000000000000000e+03 -7.528159350127124894e-01
0.000000000000000000e+00 1.478000000000000000e+03 -5.458736062515427978e-01
0.000000000000000000e+00 1.480000000000000000e+03 -6.023450817417326242e-01
0.000000000000000000e+00 1.482000000000000000e+03 -5.130564907866548285e-01
0.000000000000000000e+00 1.484000000000000000e+03 -2.787853956603847938e-01
0.000000000000000000e+00 1.486000000000000000e+03 -5.425176459997747003e-01
0.000000000000000000e+00 1.488000000000000000e+03 -5.471228379487599325e-01
0.000000000000000000e+00 1.490000000000000000e+03 -3.879789900912632983e-01
0.000000000000000000e+00 1.492000000000000000e+03 9.731955640377772110e-02
0.000000000000000000e+00 1.494000000000000000e+03 6.074749891950941283e-01
0.000000000000000000e+00 1.496000000000000000e+03 1.187558783034253773e+00
0.000000000000000000e+00 1.498000000000000000e+03 9.618635795134549138e-01
0.000000000000000000e+00 1.500000000000000000e+03 9.149986533153866564e-01
0.000000000000000000e+00 1.502500000000000000e+03 1.060568021320692722e+00
0.000000000000000000e+00 1.505000000000000000e+03 8.073782748625896177e-01
0.000000000000000000e+00 1.507500000000000000e+03 7.946461541406496520e-01
0.000000000000000000e+00 1.510000000000000000e+03 5.582500544234730855e-01
0.000000000000000000e+00 1.512500000000000000e+03 4.175671375143361758e-02
0.000000000000000000e+00 1.515000000000000000e+03 -4.365274233536910881e-02
0.000000000000000000e+00 1.517500000000000000e+03 1.264270057011501747e-01
0.000000000000000000e+00 1.520000000000000000e+03 -1.349267754219048709e-01
0.000000000000000000e+00 1.522500000000000000e+03 -9.219001816327285215e-02
0.000000000000000000e+00 1.525000000000000000e+03 -3.617045920844281365e-02
0.000000000000000000e+00 1.527500000000000000e+03 3.232451487465251017e-01
0.000000000000000000e+00 1.530000000000000000e+03 4.467154658811114398e-01
0.000000000000000000e+00 1.532500000000000000e+03 8.897636930548874501e-01
0.000000000000000000e+00 1.535000000000000000e+03 1.274691909337831497e+00
0.000000000000000000e+00 1.537500000000000000e+03 1.171004940043097520e+00
0.000000000000000000e+00 1.540000000000000000e+03 1.227696097182421120e+00
0.000000000000000000e+00 1.542500000000000000e+03 1.071382819683049048e+00
0.000000000000000000e+00 1.545000000000000000e+03 6.570130164683364304e-01
0.000000000000000000e+00 1.547500000000000000e+03 4.588066330855782859e-01
0.000000000000000000e+00 1.550000000000000000e+03 1.932242571263396436e-01
0.000000000000000000e+00 1.552500000000000000e+03 -7.214028324804293291e-02
0.000000000000000000e+00 1.555000000000000000e+03 8.237540041456173356e-03
0.000000000000000000e+00 1.557500000000000000e+03 1.300966122738235198e-01
0.000000000000000000e+00 1.560000000000000000e+03 7.043107636908510494e-02
0.000000000000000000e+00 1.562500000000000000e+03 -2.594342114681155720e-01
0.000000000000000000e+00 1.565000000000000000e+03 -2.852671119483983220e-01
0.000000000000000000e+00 1.567500000000000000e+03 2.503450969808355270e-02
0.000000000000000000e+00 1.570000000000000000e+03 2.376760080996385138e-01
0.000000000000000000e+00 1.572500000000000000e+03 8.423599006939433975e-01
0.000000000000000000e+00 1.575000000000000000e+03 9.585441713344006187e-01
0.000000000000000000e+00 1.577500000000000000e+03 8.586547408668355752e-01
0.000000000000000000e+00 1.580000000000000000e+03 5.109961624819383541e-01
0.000000000000000000e+00 1.582500000000000000e+03 5.105543993001083747e-01
0.000000000000000000e+00 1.585000000000000000e+03 1.475937941112607232e-01
0.000000000000000000e+00 1.587500000000000000e+03 -1.035180223950344092e-01
0.000000000000000000e+00 1.590000000000000000e+03 7.415487618269037649e-03
0.000000000000000000e+00 1.592500000000000000e+03 2.591425973485668166e-01
0.000000000000000000e+00 1.595000000000000000e+03 -1.550746173991663507e-02
0.000000000000000000e+00 1.597500000000000000e+03 -2.040400990908196321e-01
0.000000000000000000e+00 1.600000000000000000e+03 -3.538092633295658040e-01
0.000000000000000000e+00 1.602500000000000000e+03 -6.379700609741205675e-01
0.000000000000000000e+00 1.605000000000000000e+03 -3.133060592414121936e-01
0.000000000000000000e+00 1.607500000000000000e+03 -1.061806009038223225e-01
0.000000000000000000e+00 1.610000000000000000e+03 -1.044261014135968585e-01
0.000000000000000000e+00 1.612500000000000000e+03 3.076119380110239332e-01
0.000000000000000000e+00 1.615000000000000000e+03 2.210593989230150991e-01
0.000000000000000000e+00 1.617500000000000000e+03 3.386092033102304222e-01
0.000000000000000000e+00 1.620000000000000000e+03 -1.181757727658103441e-01
0.000000000000000000e+00 1.622500000000000000e+03 -6.664436528471252841e-02
0.000000000000000000e+00 1.625000000000000000e+03 7.694546799482702981e-02
0.000000000000000000e+00 1.627500000000000000e+03 5.476036171233090721e-01
0.000000000000000000e+00 1.630000000000000000e+03 -3.075060944914242977e-01
0.000000000000000000e+00 1.632500000000000000e+03 -2.713808318395805053e-01
0.000000000000000000e+00 1.635000000000000000e+03 -2.960617882101209131e-01
0.000000000000000000e+00 1.637500000000000000e+03 -2.179505626416846920e-01
0.000000000000000000e+00 1.640000000000000000e+03 -7.694300407481921567e-02
0.000000000000000000e+00 1.642500000000000000e+03 3.002217734915920144e-01
0.000000000000000000e+00 1.645000000000000000e+03 6.193758271724546516e-01
0.000000000000000000e+00 1.647500000000000000e+03 8.307448334668844359e-01
0.000000000000000000e+00 1.650000000000000000e+03 8.533737047855161073e-01
0.000000000000000000e+00 1.652500000000000000e+03 9.843778102403960562e-01
0.000000000000000000e+00 1.655000000000000000e+03 1.046043926003675129e+00
0.000000000000000000e+00 1.657500000000000000e+03 7.301943273812120383e-01
0.000000000000000000e+00 1.660000000000000000e+03 7.669348832570584973e-01
0.000000000000000000e+00 1.662500000000000000e+03 6.671887073775004673e-01
0.000000000000000000e+00 1.665000000000000000e+03 7.578044339423450904e-01
0.000000000000000000e+00 1.667500000000000000e+03 3.531015463216588546e-01
0.000000000000000000e+00 1.670000000000000000e+03 2.975490416292734808e-01
0.000000000000000000e+00 1.672500000000000000e+03 2.688366500874862508e-01
0.000000000000000000e+00 1.675000000000000000e+03 -3.008659858883210858e-01
0.000000000000000000e+00 1.677500000000000000e+03 1.126730073522385495e-02
0.000000000000000000e+00 1.680000000000000000e+03 -1.207248183214742754e-01
0.000000000000000000e+00 1.682500000000000000e+03 -2.702023044042279887e-01
0.000000000000000000e+00 1.685000000000000000e+03 -2.399397726878383652e-01
0.000000000000000000e+00 1.687500000000000000e+03 3.985157541608847637e-02
0.000000000000000000e+00 1.690000000000000000e+03 -3.145846118658701673e-03
0.000000000000000000e+00 1.692500000000000000e+03 6.006745611637676757e-02
0.000000000000000000e+00 1.695000000000000000e+03 1.956073415033725282e-01
0.000000000000000000e+00 1.697500000000000000e+03 1.048946965639090123e-01
0.000000000000000000e+00 1.700000000000000000e+03 6.790760690856283421e-01
0.000000000000000000e+00 1.702500000000000000e+03 7.999336514469447268e-01
0.000000000000000000e+00 1.705000000000000000e+03 7.504120541457786064e-01
0.000000000000000000e+00 1.707500000000000000e+03 8.317782602499521616e-01
0.000000000000000000e+00 1.710000000000000000e+03 3.941877375089415936e-01
0.000000000000000000e+00 1.712500000000000000e+03 2.577942319995982778e-01
0.000000000000000000e+00 1.715000000000000000e+03 2.116758541957286521e-01
0.000000000000000000e+00 1.717500000000000000e+03 -2.674917282242015859e-01
0.000000000000000000e+00 1.720000000000000000e+03 -3.607246201165843491e-01
0.000000000000000000e+00 1.722500000000000000e+03 2.659841430592233772e-03
0.000000000000000000e+00 1.725000000000000000e+03 1.350538486807055238e-01
0.000000000000000000e+00 1.727500000000000000e+03 1.454885424081334977e-01
0.000000000000000000e+00 1.730000000000000000e+03 4.676231704241010090e-02
0.000000000000000000e+00 1.732500000000000000e+03 2.555414797606234134e-01
0.000000000000000000e+00 1.735000000000000000e+03 -2.223397650700926487e-01
0.000000000000000000e+00 1.737500000000000000e+03 -2.178625053756032270e-01
0.000000000000000000e+00 1.740000000000000000e+03 -1.622207322209960959e-02
0.000000000000000000e+00 1.742500000000000000e+03 -4.849995331125642878e-02
0.000000000000000000e+00 1.745000000000000000e+03 7.588081390905303536e-01
0.000000000000000000e+00 1.747500000000000000e+03 9.034838273786464091e-01
0.000000000000000000e+00 1.750000000000000000e+03 8.246773740029517130e-01
0.000000000000000000e+00 1.752500000000000000e+03 2.359023095409177040e-01
0.000000000000000000e+00 1.755000000000000000e+03 4.098284360591335912e-02
0.000000000000000000e+00 1.757500000000000000e+03 2.026079864600544567e-01
0.000000000000000000e+00 1.760000000000000000e+03 -3.545892254872045624e-01
0.000000000000000000e+00 1.762500000000000000e+03 -1.650017470076049209e-01
0.000000000000000000e+00 1.765000000000000000e+03 -4.190971726007067244e-01
0.000000000000000000e+00 1.767500000000000000e+03 -3.726130894632802004e-01
0.000000000000000000e+00 1.770000000000000000e+03 -4.309706888267468838e-01
0.000000000000000000e+00 1.772500000000000000e+03 -6.169587111762543374e-01
0.000000000000000000e+00 1.775000000000000000e+03 -3.419180248864530647e-01
0.000000000000000000e+00 1.777500000000000000e+03 -2.695161223119332261e-01
0.000000000000000000e+00 1.780000000000000000e+03 -1.218878388168882915e-01
0.000000000000000000e+00 1.782500000000000000e+03 1.512768769531671331e-01
0.000000000000000000e+00 1.785000000000000000e+03 9.710061318035495548e-02
0.000000000000000000e+00 1.787500000000000000e+03 2.351507767731668974e-01
0.000000000000000000e+00 1.790000000000000000e+03 5.069992487126983027e-01
0.000000000000000000e+00 1.792500000000000000e+03 6.272764284648740807e-01
0.000000000000000000e+00 1.795000000000000000e+03 6.951521506415255791e-01
0.000000000000000000e+00 1.797500000000000000e+03 3.124687485211598559e-01
0.000000000000000000e+00 1.800000000000000000e+03 4.301649458056550079e-01
0.000000000000000000e+00 1.802500000000000000e+03 1.544521075120755260e-01
0.000000000000000000e+00 1.805000000000000000e+03 -6.695598093491321456e-02
0.000000000000000000e+00 1.807500000000000000e+03 -1.075697642733444981e-01
0.000000000000000000e+00 1.810000000000000000e+03 -3.636185104794594225e-01
0.000000000000000000e+00 1.812500000000000000e+03 -6.866100590247549429e-02
0.000000000000000000e+00 1.815000000000000000e+03 -1.979419949598639206e-01
0.000000000000000000e+00 1.817500000000000000e+03 4.925846250073912524e-01
0.000000000000000000e+00 1.820000000000000000e+03 1.920959426393607505e-01
0.000000000000000000e+00 1.822500000000000000e+03 1.314160979711967436e-02
0.000000000000000000e+00 1.825000000000000000e+03 1.130551426578826381e-02
0.000000000000000000e+00 1.827500000000000000e+03 -1.330563430949940618e-01
0.000000000000000000e+00 1.830000000000000000e+03 -5.449308212245460581e-01
0.000000000000000000e+00 1.832500000000000000e+03 -1.657870627516510320e-01
0.000000000000000000e+00 1.835000000000000000e+03 -7.384900034416262693e-02
0.000000000000000000e+00 1.837500000000000000e+03 -2.676491975071517149e-01
0.000000000000000000e+00 1.840000000000000000e+03 -2.643200051874217138e-01
0.000000000000000000e+00 1.842500000000000000e+03 -2.801320995515031442e-01
0.000000000000000000e+00 1.845000000000000000e+03 -1.978788595615413592e-01
0.000000000000000000e+00 1.847500000000000000e+03 1.448250669064636564e-01
0.000000000000000000e+00 1.850000000000000000e+03 -1.867134935927094452e-01
0.000000000000000000e+00 1.852500000000000000e+03 -1.974651565567443756e-01
0.000000000000000000e+00 1.855000000000000000e+03 -2.861582071755994217e-01
0.000000000000000000e+00 1.857500000000000000e+03 -1.367890850659894408e-01
0.000000000000000000e+00 1.860000000000000000e+03 3.223265471615760491e-01
0.000000000000000000e+00 1.862500000000000000e+03 8.645603004935498159e-01
0.000000000000000000e+00 1.865000000000000000e+03 8.101176496453602605e-01
0.000000000000000000e+00 1.867500000000000000e+03 4.651410334441725691e-01
0.000000000000000000e+00 1.870000000000000000e+03 4.340538648146067824e-01
0.000000000000000000e+00 1.872500000000000000e+03 2.153844127246773155e-01
0.000000000000000000e+00 1.875000000000000000e+03 2.318367221805196221e-01
0.000000000000000000e+00 1.877500000000000000e+03 1.580271145448368039e-02
0.000000000000000000e+00 1.880000000000000000e+03 9.037244731117023699e-02
0.000000000000000000e+00 1.882500000000000000e+03 -4.277881550595768329e-02
0.000000000000000000e+00 1.885000000000000000e+03 6.218692251444823960e-02
0.000000000000000000e+00 1.887500000000000000e+03 -2.328684234692919575e-01
0.000000000000000000e+00 1.890000000000000000e+03 -6.857645615852303589e-02
0.000000000000000000e+00 1.892500000000000000e+03 -1.902143698903343838e-01
0.000000000000000000e+00 1.895000000000000000e+03 4.497569603374109576e-02
0.000000000000000000e+00 1.897500000000000000e+03 -5.740869030612976570e-02
0.000000000000000000e+00 1.900000000000000000e+03 5.595950968567406925e-01
0.000000000000000000e+00 1.902500000000000000e+03 3.878601675881775956e-01
0.000000000000000000e+00 1.905000000000000000e+03 5.378093230940708125e-01
0.000000000000000000e+00 1.907500000000000000e+03 1.995006910665924060e-01
0.000000000000000000e+00 1.910000000000000000e+03 1.774872975783909901e-01
0.000000000000000000e+00 1.912500000000000000e+03 1.683924773042516920e-01
0.000000000000000000e+00 1.915000000000000000e+03 -3.126731248491859683e-02
0.000000000000000000e+00 1.917500000000000000e+03 -1.389951318787200352e-01
0.000000000000000000e+00 1.920000000000000000e+03 -3.464191798589895399e-02
0.000000000000000000e+00 1.922500000000000000e+03 -1.170275207846241394e-01
0.000000000000000000e+00 1.925000000000000000e+03 -4.059687018781868995e-01
0.000000000000000000e+00 1.927500000000000000e+03 -4.456769906880459486e-01
0.000000000000000000e+00 1.930000000000000000e+03 -3.775498345566713487e-01
0.000000000000000000e+00 1.932500000000000000e+03 -4.872346666920409075e-01
0.000000000000000000e+00 1.935000000000000000e+03 -3.734977234655052492e-01
0.000000000000000000e+00 1.937500000000000000e+03 -2.589422353379114417e-01
0.000000000000000000e+00 1.940000000000000000e+03 -3.824891641400524622e-01
0.000000000000000000e+00 1.942500000000000000e+03 5.562518744484943323e-01
0.000000000000000000e+00 1.945000000000000000e+03 5.775720708001431669e-01
0.000000000000000000e+00 1.947500000000000000e+03 8.369333947474827395e-01
0.000000000000000000e+00 1.950000000000000000e+03 7.115978142659663552e-01
0.000000000000000000e+00 1.952500000000000000e+03 5.653461409033503360e-01
0.000000000000000000e+00 1.955000000000000000e+03 3.213025353063274636e-01
0.000000000000000000e+00 1.957500000000000000e+03 8.956664025363297865e-02
0.000000000000000000e+00 1.960000000000000000e+03 2.585585026108702111e-01
0.000000000000000000e+00 1.962500000000000000e+03 3.382896495836334450e-01
0.000000000000000000e+00 1.965000000000000000e+03 4.096493678241222569e-02
0.000000000000000000e+00 1.967500000000000000e+03 -1.965786764902396899e-01
0.000000000000000000e+00 1.970000000000000000e+03 6.331209869215460861e-02
0.000000000000000000e+00 1.972500000000000000e+03 -4.092316204903210242e-01
0.000000000000000000e+00 1.975000000000000000e+03 -3.176001893594813663e-01
0.000000000000000000e+00 1.977500000000000000e+03 -5.015915085854328881e-01
0.000000000000000000e+00 1.980000000000000000e+03 -7.225881093047579196e-01
0.000000000000000000e+00 1.982500000000000000e+03 -6.216790975362131988e-01
0.000000000000000000e+00 1.985000000000000000e+03 -6.615603625689614464e-01
0.000000000000000000e+00 1.987500000000000000e+03 -3.697119994497181650e-01
0.000000000000000000e+00 1.990000000000000000e+03 -1.162693421854704701e-01
0.000000000000000000e+00 1.992500000000000000e+03 -7.822786481261054248e-02
0.000000000000000000e+00 1.995000000000000000e+03 -2.535716651390876875e-01
0.000000000000000000e+00 1.997500000000000000e+03 -5.060778950437366114e-02
0.000000000000000000e+00 2.000000000000000000e+03 2.377627731207249961e-01
0.000000000000000000e+00 2.002500000000000000e+03 1.641616671909336966e-01
0.000000000000000000e+00 2.005000000000000000e+03 3.717909164701094782e-01
0.000000000000000000e+00 2.007500000000000000e+03 3.144126542063513940e-01
0.000000000000000000e+00 2.010000000000000000e+03 -3.186821676330722219e-01
0.000000000000000000e+00 2.012500000000000000e+03 -1.566567980433659635e-01
0.000000000000000000e+00 2.015000000000000000e+03 1.735669954767057321e-01
0.000000000000000000e+00 2.017500000000000000e+03 -3.342147678653983878e-01
0.000000000000000000e+00 2.020000000000000000e+03 -2.754635875977687887e-01
0.000000000000000000e+00 2.022500000000000000e+03 -4.705244620565007807e-01
0.000000000000000000e+00 2.025000000000000000e+03 -8.906728156755718828e-01
0.000000000000000000e+00 2.027500000000000000e+03 -5.074176874481739485e-01
0.000000000000000000e+00 2.030000000000000000e+03 -6.926903598897874437e-01
0.000000000000000000e+00 2.032500000000000000e+03 -6.624634572139722621e-01
0.000000000000000000e+00 2.035000000000000000e+03 -2.880777448123164053e-01
0.000000000000000000e+00 2.037500000000000000e+03 -1.620323526157413929e-01
0.000000000000000000e+00 2.040000000000000000e+03 -8.806867966166544159e-02
0.000000000000000000e+00 2.042500000000000000e+03 -1.779245661695069702e-01
0.000000000000000000e+00 2.045000000000000000e+03 3.666283977154648488e-01
0.000000000000000000e+00 2.047500000000000000e+03 1.099305753090523002e-01
0.000000000000000000e+00 2.050000000000000000e+03 -1.752668684766933369e-02
0.000000000000000000e+00 2.052500000000000000e+03 -1.850562816899585794e-01
0.000000000000000000e+00 2.055000000000000000e+03 -2.087636237600515865e-01
0.000000000000000000e+00 2.057500000000000000e+03 7.761070851192096096e-03
0.000000000000000000e+00 2.060000000000000000e+03 3.417935831416751141e-02
0.000000000000000000e+00 2.062500000000000000e+03 2.996059264483059703e-01
0.000000000000000000e+00 2.065000000000000000e+03 8.544311304042038202e-01
0.000000000000000000e+00 2.067500000000000000e+03 8.442054111530951088e-01
0.000000000000000000e+00 2.070000000000000000e+03 9.048510225832553378e-01
0.000000000000000000e+00 2.072500000000000000e+03 1.044502093118326647e+00
0.000000000000000000e+00 2.075000000000000000e+03 8.094759577021762853e-01
0.000000000000000000e+00 2.077500000000000000e+03 8.017029194513969337e-01
0.000000000000000000e+00 2.080000000000000000e+03 4.505573102509622396e-01
0.000000000000000000e+00 2.082500000000000000e+03 5.084659467819151457e-01
0.000000000000000000e+00 2.085000000000000000e+03 2.444569714071870292e-01
0.000000000000000000e+00 2.087500000000000000e+03 3.034549704688440097e-01
0.000000000000000000e+00 2.090000000000000000e+03 -3.522508969145628915e-02
0.000000000000000000e+00 2.092500000000000000e+03 -1.619697710367026811e-01
0.000000000000000000e+00 2.095000000000000000e+03 -4.164155796298521506e-01
0.000000000000000000e+00 2.097500000000000000e+03 -4.797258002395062282e-01
0.000000000000000000e+00 2.100000000000000000e+03 -5.215312180696676236e-01
0.000000000000000000e+00 2.102500000000000000e+03 -3.086580386011684718e-01
0.000000000000000000e+00 2.105000000000000000e+03 -1.091256272472096861e-01
0.000000000000000000e+00 2.107500000000000000e+03 -1.580070094566131123e-01
0.000000000000000000e+00 2.110000000000000000e+03 -3.769014967820842332e-01
0.000000000000000000e+00 2.112500000000000000e+03 -3.975183426436494361e-01
0.000000000000000000e+00 2.115000000000000000e+03 -3.949883115500548159e-01
0.000000000000000000e+00 2.117500000000000000e+03 5.958019870444560342e-03
0.000000000000000000e+00 2.120000000000000000e+03 -6.661224376626795340e-02
0.000000000000000000e+00 2.122500000000000000e+03 -7.537680314099556855e-02
0.000000000000000000e+00 2.125000000000000000e+03 -4.020727678249772508e-01
0.000000000000000000e+00 2.127500000000000000e+03 -4.548284851355333114e-01
0.000000000000000000e+00 2.130000000000000000e+03 -7.396688190409802521e-01
0.000000000000000000e+00 2.132500000000000000e+03 -7.957635128119417978e-01
0.000000000000000000e+00 2.135000000000000000e+03 -7.852686373890378491e-01
0.000000000000000000e+00 2.137500000000000000e+03 -7.056133636581178870e-01
0.000000000000000000e+00 2.140000000000000000e+03 -8.999611034860911518e-01
0.000000000000000000e+00 2.142500000000000000e+03 -5.058895154384858150e-01
0.000000000000000000e+00 2.145000000000000000e+03 -2.097891124667222440e-01
0.000000000000000000e+00 2.147500000000000000e+03 5.272843568234276690e-01
0.000000000000000000e+00 2.150000000000000000e+03 8.061139054382899793e-01
0.000000000000000000e+00 2.152500000000000000e+03 9.294651514269163251e-01
0.000000000000000000e+00 2.155000000000000000e+03 9.534769094965238612e-01
0.000000000000000000e+00 2.157500000000000000e+03 7.115337558355044889e-01
0.000000000000000000e+00 2.160000000000000000e+03 7.930365706962816397e-01
0.000000000000000000e+00 2.162500000000000000e+03 4.100131235358282500e-01
0.000000000000000000e+00 2.165000000000000000e+03 3.050752610860259506e-01
0.000000000000000000e+00 2.167500000000000000e+03 9.585931955953508332e-02
0.000000000000000000e+00 2.170000000000000000e+03 -4.486357589559482328e-02
0.000000000000000000e+00 2.172500000000000000e+03 -8.906518515916536649e-02
0.000000000000000000e+00 2.175000000000000000e+03 -2.955901187869811597e-01
0.000000000000000000e+00 2.177500000000000000e+03 -4.092236824139237061e-01
0.000000000000000000e+00 2.180000000000000000e+03 -6.522615521920550608e-01
0.000000000000000000e+00 2.182500000000000000e+03 -5.732494472557422283e-01
0.000000000000000000e+00 2.185000000000000000e+03 -5.484047449837056165e-01
0.000000000000000000e+00 2.187500000000000000e+03 -6.238055789785427185e-01
0.000000000000000000e+00 2.190000000000000000e+03 -2.958358299424406201e-01
0.000000000000000000e+00 2.192500000000000000e+03 -7.105092071733803971e-02
0.000000000000000000e+00 2.195000000000000000e+03 1.019400706862733097e-01
0.000000000000000000e+00 2.197500000000000000e+03 2.110504076181945743e-01
0.000000000000000000e+00 2.200000000000000000e+03 2.549429857215552153e-01
0.000000000000000000e+00 2.202500000000000000e+03 2.044462972685198998e-01
0.000000000000000000e+00 2.205000000000000000e+03 4.232290166562963085e-02
0.000000000000000000e+00 2.207500000000000000e+03 -2.206214484397251430e-01
0.000000000000000000e+00 2.210000000000000000e+03 -2.290287943765746959e-01
0.000000000000000000e+00 2.212500000000000000e+03 -4.733398946875428948e-01
0.000000000000000000e+00 2.215000000000000000e+03 -2.411371299788317712e-01
0.000000000000000000e+00 2.217500000000000000e+03 -2.000278629880679060e-01
0.000000000000000000e+00 2.220000000000000000e+03 -2.724033668434064359e-01
0.000000000000000000e+00 2.222500000000000000e+03 -4.236689507862521631e-01
0.000000000000000000e+00 2.225000000000000000e+03 -6.095836843839050889e-01
0.000000000000000000e+00 2.227500000000000000e+03 -5.586701546168000299e-01
0.000000000000000000e+00 2.230000000000000000e+03 -4.819499384821650523e-01
0.000000000000000000e+00 2.232500000000000000e+03 -4.256320555399401018e-01
0.000000000000000000e+00 2.235000000000000000e+03 -2.932221721370323331e-01
0.000000000000000000e+00 2.237500000000000000e+03 1.529977780735241044e-01
0.000000000000000000e+00 2.240000000000000000e+03 5.417458705614056624e-01
0.000000000000000000e+00 2.242500000000000000e+03 2.872912008597207634e-01
0.000000000000000000e+00 2.245000000000000000e+03 1.515334798878696931e-01
0.000000000000000000e+00 2.247500000000000000e+03 1.270132346671305063e-02
0.000000000000000000e+00 2.250000000000000000e+03 -1.970448077205442794e-01
0.000000000000000000e+00 2.252500000000000000e+03 -4.960396548744666623e-01
0.000000000000000000e+00 2.255000000000000000e+03 -5.994151931254280141e-01
0.000000000000000000e+00 2.257500000000000000e+03 -7.320770643023434276e-01
0.000000000000000000e+00 2.260000000000000000e+03 -9.372143114120594642e-01
0.000000000000000000e+00 2.262500000000000000e+03 -7.714676454498833325e-01
0.000000000000000000e+00 2.265000000000000000e+03 -4.935908506091217784e-01
0.000000000000000000e+00 2.267500000000000000e+03 -6.476207312024971907e-01
0.000000000000000000e+00 2.270000000000000000e+03 -4.310572692414058049e-01
0.000000000000000000e+00 2.272500000000000000e+03 -4.007860610229076470e-01
0.000000000000000000e+00 2.275000000000000000e+03 2.858353945697459375e-01
0.000000000000000000e+00 2.277500000000000000e+03 1.525100478911620427e-01
0.000000000000000000e+00 2.280000000000000000e+03 2.191378306155919442e-01
0.000000000000000000e+00 2.282500000000000000e+03 3.496970345793687374e-01
0.000000000000000000e+00 2.285000000000000000e+03 1.465727359588583911e-01
0.000000000000000000e+00 2.287500000000000000e+03 -4.913499942303831830e-02
0.000000000000000000e+00 2.290000000000000000e+03 -6.221528786789156523e-02
0.000000000000000000e+00 2.292500000000000000e+03 -4.792081638158323109e-01
0.000000000000000000e+00 2.295000000000000000e+03 -5.035913500182616076e-01
0.000000000000000000e+00 2.297500000000000000e+03 -8.192127750959097288e-01
0.000000000000000000e+00 2.300000000000000000e+03 -8.018294954244526984e-01
0.000000000000000000e+00 2.302500000000000000e+03 -6.684229219176172077e-01
0.000000000000000000e+00 2.305000000000000000e+03 -6.775435870916541869e-01
0.000000000000000000e+00 2.307500000000000000e+03 -5.379988498590215773e-01
0.000000000000000000e+00 2.310000000000000000e+03 -2.041901841166557374e-01
0.000000000000000000e+00 2.312500000000000000e+03 -2.842972708253670155e-02
0.000000000000000000e+00 2.315000000000000000e+03 3.958684979856045422e-02
0.000000000000000000e+00 2.317500000000000000e+03 5.568637637079429381e-02
0.000000000000000000e+00 2.320000000000000000e+03 8.222447340544006278e-02
0.000000000000000000e+00 2.322500000000000000e+03 -2.222939826759876558e-01
0.000000000000000000e+00 2.325000000000000000e+03 -3.701528395994086451e-01
0.000000000000000000e+00 2.327500000000000000e+03 -1.467558014988342430e-01
0.000000000000000000e+00 2.330000000000000000e+03 -1.389375346732324434e-01
0.000000000000000000e+00 2.332500000000000000e+03 -3.689021310507688556e-01
0.000000000000000000e+00 2.335000000000000000e+03 -6.007454670444686284e-01
0.000000000000000000e+00 2.337500000000000000e+03 -7.912506240768789612e-01
0.000000000000000000e+00 2.340000000000000000e+03 -9.512229855825375946e-01
0.000000000000000000e+00 2.342500000000000000e+03 -7.101338212567226416e-01
0.000000000000000000e+00 2.345000000000000000e+03 -6.477802311561537962e-01
0.000000000000000000e+00 2.347500000000000000e+03 -8.679597638258440551e-01
0.000000000000000000e+00 2.350000000000000000e+03 -2.507763546086809181e-01
0.000000000000000000e+00 2.352500000000000000e+03 8.280368732716234664e-03
0.000000000000000000e+00 2.355000000000000000e+03 1.595429989727161491e-01
0.000000000000000000e+00 2.357500000000000000e+03 4.510105190313183354e-01
0.000000000000000000e+00 2.360000000000000000e+03 3.821475216785594764e-01
0.000000000000000000e+00 2.362500000000000000e+03 8.367529532186324115e-02
0.000000000000000000e+00 2.365000000000000000e+03 2.749674295561699289e-01
0.000000000000000000e+00 2.367500000000000000e+03 -1.642906430475515045e-01
0.000000000000000000e+00 2.370000000000000000e+03 1.489621284492558418e-03
0.000000000000000000e+00 2.372500000000000000e+03 -1.644062066713816439e-01
0.000000000000000000e+00 2.375000000000000000e+03 -6.138724609155661316e-01
0.000000000000000000e+00 2.377500000000000000e+03 -6.212109356352024658e-01
0.000000000000000000e+00 2.380000000000000000e+03 -6.418019365968689049e-01
0.000000000000000000e+00 2.382500000000000000e+03 -8.759203622073121753e-01
0.000000000000000000e+00 2.385000000000000000e+03 -7.118214932200680467e-01
0.000000000000000000e+00 2.387500000000000000e+03 -4.360137672225771754e-01
0.000000000000000000e+00 2.390000000000000000e+03 -3.318951880995437698e-01
0.000000000000000000e+00 2.392500000000000000e+03 -2.254882276969635280e-01
0.000000000000000000e+00 2.395000000000000000e+03 -5.743255181236429641e-01
0.000000000000000000e+00 2.397500000000000000e+03 -4.847851240009853346e-01
0.000000000000000000e+00 2.400000000000000000e+03 -4.435656469727997098e-01
0.000000000000000000e+00 2.402500000000000000e+03 -9.548191998457802865e-02
0.000000000000000000e+00 2.405000000000000000e+03 -5.626394584707127694e-02
0.000000000000000000e+00 2.407500000000000000e+03 -5.619554106067033983e-01
0.000000000000000000e+00 2.410000000000000000e+03 -7.983155120704511498e-01
0.000000000000000000e+00 2.412500000000000000e+03 -6.339836697712674107e-01
0.000000000000000000e+00 2.415000000000000000e+03 -6.463410394446853502e-01
0.000000000000000000e+00 2.417500000000000000e+03 -7.131859193282596987e-01
0.000000000000000000e+00 2.420000000000000000e+03 -6.719537044565522255e-01
0.000000000000000000e+00 2.422500000000000000e+03 -3.377233976329920284e-01
0.000000000000000000e+00 2.425000000000000000e+03 -4.231297154105206904e-01
0.000000000000000000e+00 2.427500000000000000e+03 -1.046502136169988467e-01
0.000000000000000000e+00 2.430000000000000000e+03 3.919109864343473526e-01
0.000000000000000000e+00 2.432500000000000000e+03 8.270885185570158171e-01
0.000000000000000000e+00 2.435000000000000000e+03 6.954622894403026390e-01
0.000000000000000000e+00 2.437500000000000000e+03 7.743937213676479470e-01
0.000000000000000000e+00 2.440000000000000000e+03 5.378733815245321237e-01
0.000000000000000000e+00 2.442500000000000000e+03 5.120611569641676519e-01
0.000000000000000000e+00 2.445000000000000000e+03 4.350263714764868173e-01
0.000000000000000000e+00 2.447500000000000000e+03 3.530816088274518205e-01
0.000000000000000000e+00 2.450000000000000000e+03 2.179448228300162604e-02
0.000000000000000000e+00 2.452500000000000000e+03 -5.766252414441418866e-02
0.000000000000000000e+00 2.455000000000000000e+03 -4.876369240983122744e-01
0.000000000000000000e+00 2.457500000000000000e+03 -6.133197492706029541e-01
0.000000000000000000e+00 2.460000000000000000e+03 -6.045156841203167541e-01
0.000000000000000000e+00 2.462500000000000000e+03 -9.443665182460007079e-01
0.000000000000000000e+00 2.465000000000000000e+03 -8.625882705948808571e-01
0.000000000000000000e+00 2.467500000000000000e+03 -7.584621226083065881e-01
0.000000000000000000e+00 2.470000000000000000e+03 -7.335295476766157119e-01
0.000000000000000000e+00 2.472500000000000000e+03 -5.312284091178598455e-01
0.000000000000000000e+00 2.475000000000000000e+03 -2.735335273946641887e-01
0.000000000000000000e+00 2.477500000000000000e+03 -4.001599570685152041e-02
0.000000000000000000e+00 2.480000000000000000e+03 -2.579410111221414753e-02
0.000000000000000000e+00 2.482500000000000000e+03 4.537103880385300880e-01
0.000000000000000000e+00 2.485000000000000000e+03 4.991687978628588929e-01
0.000000000000000000e+00 2.487500000000000000e+03 8.117617544917350436e-01
0.000000000000000000e+00 2.490000000000000000e+03 2.086040032364118169e-01
0.000000000000000000e+00 2.492500000000000000e+03 -1.233462295968523192e-01
0.000000000000000000e+00 2.495000000000000000e+03 -1.731595050540099545e-01
0.000000000000000000e+00 2.497500000000000000e+03 -5.297626340807822798e-01
0.000000000000000000e+00 2.500000000000000000e+03 -9.895714634449011005e-01
0.000000000000000000e+00 2.502500000000000000e+03 -6.846904403391885774e-01
0.000000000000000000e+00 2.505000000000000000e+03 -4.396383298268566886e-01
0.000000000000000000e+00 2.507500000000000000e+03 -5.589749398291700144e-01
0.000000000000000000e+00 2.510000000000000000e+03 -1.259563798801315859e-01
0.000000000000000000e+00 2.512500000000000000e+03 8.043286802321916729e-02
0.000000000000000000e+00 2.515000000000000000e+03 3.095563975154998482e-01
0.000000000000000000e+00 2.517500000000000000e+03 7.383347324233999753e-01
0.000000000000000000e+00 2.520000000000000000e+03 7.547196605330798169e-01
0.000000000000000000e+00 2.522500000000000000e+03 6.393003989296059952e-01
0.000000000000000000e+00 2.525000000000000000e+03 7.517984484188842131e-01
0.000000000000000000e+00 2.527500000000000000e+03 5.816334122127013728e-01
0.000000000000000000e+00 2.530000000000000000e+03 3.129029428394479728e-01
0.000000000000000000e+00 2.532500000000000000e+03 3.841318561714494595e-01
0.000000000000000000e+00 2.535000000000000000e+03 2.865574938666241855e-02
0.000000000000000000e+00 2.537500000000000000e+03 4.081429793729176442e-02
0.000000000000000000e+00 2.540000000000000000e+03 -1.551792081949060764e-01
0.000000000000000000e+00 2.542500000000000000e+03 -6.738357669884169621e-01
0.000000000000000000e+00 2.545000000000000000e+03 -8.205615096577353329e-01
0.000000000000000000e+00 2.547500000000000000e+03 -9.889546933694760567e-01
0.000000000000000000e+00 2.550000000000000000e+03 -9.286408196901506651e-01
0.000000000000000000e+00 2.552500000000000000e+03 -8.118659930870212316e-01
0.000000000000000000e+00 2.555000000000000000e+03 -5.232331047279565883e-01
0.000000000000000000e+00 2.557500000000000000e+03 -6.105445608408310854e-01
0.000000000000000000e+00 2.560000000000000000e+03 -6.447434554181278310e-01
0.000000000000000000e+00 2.562500000000000000e+03 -6.183940261527374194e-01
0.000000000000000000e+00 2.565000000000000000e+03 -1.689237105671403394e-01
0.000000000000000000e+00 2.567500000000000000e+03 -3.472147525141386359e-01
0.000000000000000000e+00 2.570000000000000000e+03 -4.507774816829349107e-01
0.000000000000000000e+00 2.572500000000000000e+03 -4.558920027663394547e-01
0.000000000000000000e+00 2.575000000000000000e+03 -5.614686034564803085e-01
0.000000000000000000e+00 2.577500000000000000e+03 -7.403492783340112071e-01
0.000000000000000000e+00 2.580000000000000000e+03 -8.915982476983510541e-01
0.000000000000000000e+00 2.582500000000000000e+03 -8.449546646072668699e-01
0.000000000000000000e+00 2.585000000000000000e+03 -1.022224094582580012e+00
0.000000000000000000e+00 2.587500000000000000e+03 -8.289212271362009776e-01
0.000000000000000000e+00 2.590000000000000000e+03 -5.292400132835577420e-01
0.000000000000000000e+00 2.592500000000000000e+03 -4.967719885737219010e-01
0.000000000000000000e+00 2.595000000000000000e+03 -4.509807333599908374e-01
0.000000000000000000e+00 2.597500000000000000e+03 4.751532666158376356e-02
0.000000000000000000e+00 2.600000000000000000e+03 3.380491074081534153e-01
0.000000000000000000e+00 2.602500000000000000e+03 2.625797844285859273e-01
0.000000000000000000e+00 2.605000000000000000e+03 1.740250040241853868e-01
0.000000000000000000e+00 2.607500000000000000e+03 2.374398964784265875e-01
0.000000000000000000e+00 2.610000000000000000e+03 -1.770702076214476506e-01
0.000000000000000000e+00 2.612500000000000000e+03 -1.377156247273363110e-01
0.000000000000000000e+00 2.615000000000000000e+03 -5.049334387486835718e-01
0.000000000000000000e+00 2.617500000000000000e+03 -4.915478112721778370e-01
0.000000000000000000e+00 2.620000000000000000e+03 -8.221360178808125863e-01
0.000000000000000000e+00 2.622500000000000000e+03 -8.901191809984696501e-01
0.000000000000000000e+00 2.625000000000000000e+03 -7.487446248530518211e-01
0.000000000000000000e+00 2.627500000000000000e+03 -8.401591434311757034e-01
0.000000000000000000e+00 2.630000000000000000e+03 -9.095015636770442669e-01
0.000000000000000000e+00 2.632500000000000000e+03 -5.058529633657726787e-01
0.000000000000000000e+00 2.635000000000000000e+03 -4.979370397398418246e-01
0.000000000000000000e+00 2.637500000000000000e+03 -4.336177603955950199e-01
0.000000000000000000e+00 2.640000000000000000e+03 -1.138480442778747603e-01
0.000000000000000000e+00 2.642500000000000000e+03 7.425271758944962212e-03
0.000000000000000000e+00 2.645000000000000000e+03 2.314630787705642956e-01
0.000000000000000000e+00 2.647500000000000000e+03 -5.872751862664346567e-02
0.000000000000000000e+00 2.650000000000000000e+03 -3.807259881477190189e-01
0.000000000000000000e+00 2.652500000000000000e+03 -5.735420484438749078e-01
0.000000000000000000e+00 2.655000000000000000e+03 -6.769297707190745639e-01
0.000000000000000000e+00 2.657500000000000000e+03 -1.074912984366256818e+00
0.000000000000000000e+00 2.660000000000000000e+03 -9.062892272261396931e-01
0.000000000000000000e+00 2.662500000000000000e+03 -1.227264792530533555e+00
0.000000000000000000e+00 2.665000000000000000e+03 -8.627213718293554878e-01
0.000000000000000000e+00 2.667500000000000000e+03 -8.866489493678665346e-01
0.000000000000000000e+00 2.670000000000000000e+03 -9.786244868802078667e-01
0.000000000000000000e+00 2.672500000000000000e+03 -9.623510610529448783e-01
0.000000000000000000e+00 2.675000000000000000e+03 -9.236769374518651876e-01
0.000000000000000000e+00 2.677500000000000000e+03 -6.527692198686254610e-01
0.000000000000000000e+00 2.680000000000000000e+03 -6.433758910006628362e-01
0.000000000000000000e+00 2.682500000000000000e+03 -3.319190023287361124e-01
0.000000000000000000e+00 2.685000000000000000e+03 -6.638037809289647206e-02
0.000000000000000000e+00 2.687500000000000000e+03 6.461689692415324704e-02
0.000000000000000000e+00 2.690000000000000000e+03 -2.034454817867356602e-01
0.000000000000000000e+00 2.692500000000000000e+03 -3.436049584240863375e-01
0.000000000000000000e+00 2.695000000000000000e+03 -1.995955147340580937e-01
0.000000000000000000e+00 2.697500000000000000e+03 -2.791882068859394828e-01
0.000000000000000000e+00 2.700000000000000000e+03 -1.926578205692714152e-01
0.000000000000000000e+00 2.702500000000000000e+03 -4.425298203061692748e-01
0.000000000000000000e+00 2.705000000000000000e+03 1.247998846461374906e-01
0.000000000000000000e+00 2.707500000000000000e+03 6.857578176925756275e-02
0.000000000000000000e+00 2.710000000000000000e+03 -3.240264201615713352e-02
0.000000000000000000e+00 2.712500000000000000e+03 7.103953915525682006e-02
0.000000000000000000e+00 2.715000000000000000e+03 2.721885489978406736e-01
0.000000000000000000e+00 2.717500000000000000e+03 1.438946505101325324e-01
0.000000000000000000e+00 2.720000000000000000e+03 1.525897978679904565e-01
0.000000000000000000e+00 2.722500000000000000e+03 9.160912577129388945e-02
0.000000000000000000e+00 2.725000000000000000e+03 -1.064831708390577281e-01
0.000000000000000000e+00 2.727500000000000000e+03 -2.000418930765842929e-01
0.000000000000000000e+00 2.730000000000000000e+03 -4.563906247279446160e-01
0.000000000000000000e+00 2.732500000000000000e+03 -6.124484069311809664e-01
0.000000000000000000e+00 2.735000000000000000e+03 -8.238022754985280249e-01
0.000000000000000000e+00 2.737500000000000000e+03 -1.097302051935119094e+00
0.000000000000000000e+00 2.740000000000000000e+03 -1.000649325966934899e+00
0.000000000000000000e+00 2.742500000000000000e+03 -1.257054177972359854e+00
0.000000000000000000e+00 2.745000000000000000e+03 -1.046359723565270849e+00
0.000000000000000000e+00 2.747500000000000000e+03 -1.164206928907742356e+00
0.000000000000000000e+00 2.750000000000000000e+03 -1.076203937116166687e+00
0.000000000000000000e+00 2.752500000000000000e+03 -9.380164263410394332e-01
0.000000000000000000e+00 2.755000000000000000e+03 -9.757101052038420486e-01
0.000000000000000000e+00 2.757500000000000000e+03 -1.027061706024220200e+00
0.000000000000000000e+00 2.760000000000000000e+03 -8.296135012406141707e-01
0.000000000000000000e+00 2.762500000000000000e+03 -8.794444989148448855e-01
0.000000000000000000e+00 2.765000000000000000e+03 -8.855378032786764830e-01
0.000000000000000000e+00 2.767500000000000000e+03 -1.040632493747853493e+00
0.000000000000000000e+00 2.770000000000000000e+03 -1.090906177636052243e+00
0.000000000000000000e+00 2.772500000000000000e+03 -8.092268595945704135e-01
0.000000000000000000e+00 2.775000000000000000e+03 -7.460567552636495625e-01
0.000000000000000000e+00 2.777500000000000000e+03 -9.089966650968922535e-01
0.000000000000000000e+00 2.780000000000000000e+03 -1.000894114090255638e+00
0.000000000000000000e+00 2.782500000000000000e+03 -1.033580343597801932e+00
0.000000000000000000e+00 2.785000000000000000e+03 -9.779973788448232952e-01
0.000000000000000000e+00 2.787500000000000000e+03 -8.837406597036203681e-01
0.000000000000000000e+00 2.790000000000000000e+03 -9.380712544501085270e-01
0.000000000000000000e+00 2.792500000000000000e+03 -8.395907402398453678e-01
0.000000000000000000e+00 2.795000000000000000e+03 -5.593587365926566690e-01
0.000000000000000000e+00 2.797500000000000000e+03 -5.938352792374295142e-01
0.000000000000000000e+00 2.800000000000000000e+03 -4.057743113096675680e-01
0.000000000000000000e+00 2.802500000000000000e+03 3.263457172597324790e-02
0.000000000000000000e+00 2.805000000000000000e+03 1.213272531319726510e-01
0.000000000000000000e+00 2.807500000000000000e+03 1.548795749501072870e-02
0.000000000000000000e+00 2.810000000000000000e+03 -1.239729684193808940e-01
0.000000000000000000e+00 2.812500000000000000e+03 -1.069000121531282765e-01
0.000000000000000000e+00 2.815000000000000000e+03 -1.575718921061867450e-01
0.000000000000000000e+00 2.817500000000000000e+03 -4.912169965534817773e-01
0.000000000000000000e+00 2.820000000000000000e+03 -6.205341684707281757e-01
0.000000000000000000e+00 2.822500000000000000e+03 -8.540182863951009118e-01
0.000000000000000000e+00 2.825000000000000000e+03 -1.053321047352821838e+00
0.000000000000000000e+00 2.827500000000000000e+03 -1.112341383792248228e+00
0.000000000000000000e+00 2.830000000000000000e+03 -1.030145371794917608e+00
0.000000000000000000e+00 2.832500000000000000e+03 -1.126541494828399603e+00
0.000000000000000000e+00 2.835000000000000000e+03 -1.012740308564974656e+00
0.000000000000000000e+00 2.837500000000000000e+03 -8.310464163335362642e-01
0.000000000000000000e+00 2.840000000000000000e+03 -7.043571169166429335e-01
0.000000000000000000e+00 2.842500000000000000e+03 -5.502722236077707274e-01
0.000000000000000000e+00 2.845000000000000000e+03 -6.306099873024275659e-01
0.000000000000000000e+00 2.847500000000000000e+03 -4.014847963522956142e-01
0.000000000000000000e+00 2.850000000000000000e+03 -5.860644562637846722e-01
0.000000000000000000e+00 2.852500000000000000e+03 -5.439261930442208515e-01
0.000000000000000000e+00 2.855000000000000000e+03 -5.141316386224151769e-01
0.000000000000000000e+00 2.857500000000000000e+03 -7.142704820918400754e-01
0.000000000000000000e+00 2.860000000000000000e+03 -9.693709050781230685e-01
0.000000000000000000e+00 2.862500000000000000e+03 -8.677635271930461691e-01
0.000000000000000000e+00 2.865000000000000000e+03 -6.411410455851895840e-01
0.000000000000000000e+00 2.867500000000000000e+03 -7.553110754914453828e-01
0.000000000000000000e+00 2.870000000000000000e+03 -7.701491863422247341e-01
0.000000000000000000e+00 2.872500000000000000e+03 -9.033814913811759606e-01
0.000000000000000000e+00 2.875000000000000000e+03 -9.084354615562479918e-01
0.000000000000000000e+00 2.877500000000000000e+03 -4.548611604732614722e-01
0.000000000000000000e+00 2.880000000000000000e+03 -4.471830099263933156e-01
0.000000000000000000e+00 2.882500000000000000e+03 -4.899973018847194606e-01
0.000000000000000000e+00 2.885000000000000000e+03 -4.044137619364607250e-01
0.000000000000000000e+00 2.887500000000000000e+03 -4.704356663647084047e-01
0.000000000000000000e+00 2.890000000000000000e+03 -4.274127691429189801e-01
0.000000000000000000e+00 2.892500000000000000e+03 -6.983203021197317284e-01
0.000000000000000000e+00 2.895000000000000000e+03 -7.919530515348232047e-01
0.000000000000000000e+00 2.897500000000000000e+03 -1.062291442894595095e+00
0.000000000000000000e+00 2.900000000000000000e+03 -9.162882497838557017e-01
0.000000000000000000e+00 2.902500000000000000e+03 -9.290744601891542942e-01
0.000000000000000000e+00 2.905000000000000000e+03 -7.401055978492581122e-01
0.000000000000000000e+00 2.907500000000000000e+03 -8.098002471594519802e-01
0.000000000000000000e+00 2.910000000000000000e+03 -8.216780093333327928e-01
0.000000000000000000e+00 2.912500000000000000e+03 -7.709225026684617399e-01
0.000000000000000000e+00 2.915000000000000000e+03 -4.189136738114307978e-01
0.000000000000000000e+00 2.917500000000000000e+03 -5.743458248307052871e-01
0.000000000000000000e+00 2.920000000000000000e+03 -3.837374728051306527e-01
0.000000000000000000e+00 2.922500000000000000e+03 -4.033999034347443002e-01
0.000000000000000000e+00 2.925000000000000000e+03 -3.971792206357011024e-01
0.000000000000000000e+00 2.927500000000000000e+03 -7.231061149412868483e-01
0.000000000000000000e+00 2.930000000000000000e+03 -5.344868971757261722e-01
0.000000000000000000e+00 2.932500000000000000e+03 -3.777322257073806866e-01
0.000000000000000000e+00 2.935000000000000000e+03 -7.450689262682589353e-01
0.000000000000000000e+00 2.937500000000000000e+03 -9.967487767530296416e-01
0.000000000000000000e+00 2.940000000000000000e+03 -1.151964569038871566e+00
0.000000000000000000e+00 2.942500000000000000e+03 -1.415391111133752489e+00
0.000000000000000000e+00 2.945000000000000000e+03 -1.422992465406637486e+00
0.000000000000000000e+00 2.947500000000000000e+03 -1.212949487083407440e+00
0.000000000000000000e+00 2.950000000000000000e+03 -1.446263767094164265e+00
0.000000000000000000e+00 2.952500000000000000e+03 -1.478604413368788562e+00
0.000000000000000000e+00 2.955000000000000000e+03 -1.038955528957322461e+00
0.000000000000000000e+00 2.957500000000000000e+03 -9.026052213520938672e-01
0.000000000000000000e+00 2.960000000000000000e+03 -1.179630795954068612e+00
0.000000000000000000e+00 2.962500000000000000e+03 -9.845608757803713251e-01
0.000000000000000000e+00 2.965000000000000000e+03 -1.025595377167858535e+00
0.000000000000000000e+00 2.967500000000000000e+03 -6.765072066057407074e-01
0.000000000000000000e+00 2.970000000000000000e+03 -7.636658085963600184e-01
0.000000000000000000e+00 2.972500000000000000e+03 -7.207119541785843575e-01
0.000000000000000000e+00 2.975000000000000000e+03 -4.354091811713891036e-01
0.000000000000000000e+00 2.977500000000000000e+03 -5.371081238446758777e-01
0.000000000000000000e+00 2.980000000000000000e+03 -4.961253122569860285e-01
0.000000000000000000e+00 2.982500000000000000e+03 -8.370583092626882049e-01
0.000000000000000000e+00 2.985000000000000000e+03 -1.193450617748862852e+00
0.000000000000000000e+00 2.987500000000000000e+03 -1.047238080948949879e+00
0.000000000000000000e+00 2.990000000000000000e+03 -9.992165954804413941e-01
0.000000000000000000e+00 2.992500000000000000e+03 -9.415732383863002486e-01
0.000000000000000000e+00 2.995000000000000000e+03 -9.538318436208221840e-01
0.000000000000000000e+00 2.997500000000000000e+03 -9.155271174818572222e-01
0.000000000000000000e+00 3.000000000000000000e+03 -6.622554057697925822e-01